5  4  2
3
4  50  100  10
30
3  1  200  2   (1,20)
3  2  56   5   (1,23)
3  3  20   4   (4,20) 
3  4  55   7   (9,20)  
3  5  45   9   (5,30)  
3  6  40   3   (11,27)  
3  7  200  2   (4,24)
3  8  56   5   (1,20) 
3  9  20   4   (1,20) 
3  10  55   7  (1,20)  
3  11  45   9  (1,20)  
3  12  40   3  (1,20)
3  13  200  2  (1,20)
3  14  56   5  (1,20) 
3  15  20   4  (1,20) 
3  16  55   7  (1,20) 
3  17  45   9  (1,20) 
3  18  40   3   (1,20)
3  19  45   9  (1,20) 
3  20  40   3   (1,20)
3  21  200  2   (1,20)
3  22  56   5   (1,20) 
3  23  20   4  (1,20) 
3  24  55   7  (1,20)  
3  25  45   9   (1,20)  
3  26  40   3   (1,20)  
3  27  200  2   (1,20)
3  28  56   5   (1,20) 
3  29  20   4  (1,20) 
3  30  55   7   (1,20)
9  15
50  8